0000000000000000000000000000000000000000000000000000000000000000
0000000000000000000000000000000000000000000000000000000000000000
0000000000000000000000000000000000000000000000000000000000000000
0000000000000000000000000000000000000000000000000000000000000000
0000000000000000000000000000000000000000000000000000000000000000
0000000000000000000000000000000000000000000000000000000000000000
0000000000000000000000000000000000000000000000000000000000000000
0000000000000000000000000000000000000000000000000000000000000000
0000000000000000000000000000000000000000000000000000000000000000
0000000000000000110000001100000011000000110000001100000011000000
0000000000000000110000001100000011000000110000001100000011000000
0000000000000000110000001100000011000000110000001100000011000000
0000000000111111111111111111111111111111111111111111111111111111
0000000000000000110000001100000011000000110000001100000011000000
0000000000000000110000001100000011000000110000001100000011000000
0000000000000000110000001100000011000000110000001100000011000000
0000000000111111111111111111111111111111111111111111111111111111
0000000000000000110000001100000011000000110000001100000011000000
0000000000000000110000001100000011000000110000001100000011000000
0000000000000000110000001100000011000000110000001100000011000000
0000000000111111111111111111111111111111111111111111111111111111
0000000000000000110000001100000011000000110000001100000011000000
0000000000000000110000001100000011000000110000001100000011000000
0000000000000000110000001100000011000000110000001100000011000000
0000000000111111111111111111111111111111111111111111111111111111
0000000000000000110000001100000011000000110000001100000011000000
0000000000000000110000001100000011000000110000001100000011000000
0000000000000000110000001100000011000000110000001100000011000000
0000000000111111111111111111111111111111111111111111111111111111
0000000000000000110000001100000011000000110000001100000011000000
0000000000000000110000001100000011000000110000001100000011000000
0000000000000000110000001100000011000000110000001100000011000000